0 {387, 388, 2951, 401, 5397, 21, 5403, 5404, 5417, 305, 311, 312, 2875, 325, 211, 3027, 97, 229, 235, 236, 249, 381}
1 {273, 274, 267, 287}
2 {59}
3 {387, 388, 325, 135, 2951, 401, 211, 3027, 5397, 5403, 5404, 97, 229, 5417, 235, 236, 305, 311, 312, 249, 2875, 381}
4 {363, 349, 350, 343}
5 {3065}
6 {2989}
7 {2913}
8 {5441, 5442, 419, 581, 585, 426, 425, 5455, 439, 5435}
9 {173}
10 {464, 1075, 885, 457, 477, 463}
11 {5473, 5732, 5479, 5480, 619, 1133, 623, 5493, 1113, 1117}
12 {923, 1165}
13 {515, 501, 502, 495}
14 {657, 737, 851, 661, 733, 847}
15 {5531, 5517, 5518, 5511}
16 {585, 961, 581}
17 {553, 539, 540, 533}
18 {699, 695}
19 {4100, 4102, 4103, 3089, 3093, 3615, 1569, 1573, 3621, 3625, 3627, 3633, 3634, 3639, 3644, 3646, 3647, 3165, 3169, 1645, 1649, 3190, 4222, 4223, 4229, 4232, 4233, 4234, 4235, 4240, 4241, 4242, 4247, 4252, 1182, 1183, 4255, 4254, 1189, 1192, 1193, 1194, 1195, 1200, 1201, 1202, 3767, 1207, 1212, 3773, 1214, 1215, 3777, 3779, 3785, 4298, 4299, 3786, 3791, 4305, 4308, 3796, 4310, 4311, 3799, 4309, 3798, 4419, 4316, 4317, 4318, 4323, 4328, 1258, 1259, 4331, 4330, 1265, 1268, 1269, 1270, 1271, 3317, 3321, 1276, 1277, 1278, 3843, 1283, 771, 775, 1288, 3849, 1290, 1291, 3852, 3853, 3854, 3855, 3342, 3861, 3862, 3867, 3872, 3874, 3875, 1334, 1335, 4412, 4413, 1341, 1344, 1345, 1346, 1347, 3393, 3397, 4422, 4423, 1352, 4424, 4425, 1353, 1354, 3406, 4430, 4431, 1359, 4432, 1364, 4437, 1366, 1367, 4442, 3418, 4444, 4445, 3995, 4001, 4004, 4005, 4006, 4007, 4013, 4014, 4019, 4024, 4026, 4027, 1493, 1497, 3545, 3549, 3558, 4070, 4071, 4077, 4080, 4081, 4082, 4083, 3570, 4088, 4089, 4090, 4095}
20 {5569, 5765, 2951, 3027, 6233, 5917, 6247, 5549, 6259, 5555, 5556, 5879, 2875}
21 {1075, 885, 999}
22 {1117, 1113, 619, 1133, 623}
23 {1314, 1315, 1316, 1321, 1326, 1296, 1297, 1328, 1329, 1303, 1306, 1307, 1308, 1309}
24 {3203, 4516, 4484, 4487, 3207, 3127, 3131, 3228, 4509}
25 {4290, 4260, 4261, 4293, 4292, 4267, 4270, 4271, 4272, 4273, 4278, 4279, 4280, 4285}
26 {1531, 1535}
27 {4480, 4450, 4451, 4482, 4483, 4457, 4460, 4461, 4462, 4463, 4468, 4469, 4470, 4475}
28 {4864, 4737, 4867, 3587, 4744, 3596, 5016, 4889, 3608, 5019, 4636, 4639, 4896, 5041, 4788, 4661, 4791, 5048, 4668, 3653, 3659, 4940, 4813, 4943, 3663, 3665, 4820, 3671, 3672, 3677, 3682, 3684, 4965, 3685, 4712, 4715, 4972, 3583}
29 {4354, 4355, 4356, 1283, 1288, 4361, 1290, 1291, 4366, 4368, 4369, 1182, 1183, 1189, 1192, 1193, 1194, 1195, 1200, 1201, 1202, 1334, 1335, 1207, 1212, 1341, 1214, 1215, 1344, 1345, 1346, 1347, 1352, 1353, 1354, 1359, 1364, 1366, 1367, 1271, 1258, 1259, 4336, 4337, 1265, 1268, 1269, 1270, 4343, 4348, 4349, 4346, 4347, 1276, 1277, 1278}
30 {3456, 3431, 4585, 3435, 4560, 4592, 4563, 3380, 3444, 3355, 3359}
31 {4108, 4109, 4115, 5269, 4118, 4119, 4120, 4121, 5276, 4126, 4127, 4128, 4133, 4138, 4140, 4141, 4033, 4039, 5320, 4042, 4043, 4044, 4045, 4051, 4052, 4057, 4062, 4064, 5345, 4065, 5352, 5244}
32 {809, 813}
33 {5124, 3881, 3887, 5168, 3890, 5171, 3891, 3892, 3893, 3899, 3900, 3905, 3910, 3912, 5193, 3913, 5200, 3805, 3811, 5092, 3815, 5095, 3817, 3837, 3823, 3824, 3829, 3834, 3836, 5117}
34 {1250, 1220, 1221, 1252, 1253, 1227, 1230, 1231, 1232, 1233, 1683, 1238, 1687, 1240, 1239, 1245}
35 {4100, 4102, 4103, 3615, 3105, 3627, 1585, 3634, 3633, 3637, 3639, 3644, 3646, 3647, 3181, 3190, 1661, 4222, 4223, 4232, 4234, 4235, 4240, 4241, 4242, 4245, 4247, 4252, 1182, 1183, 4255, 4254, 1192, 1194, 1195, 1200, 1201, 1202, 1205, 3767, 1207, 1212, 1214, 1215, 3779, 3785, 4298, 4299, 3786, 3789, 3791, 4308, 3796, 4310, 4311, 3799, 3798, 4316, 4317, 4318, 4321, 4323, 4328, 1258, 1259, 4331, 4330, 1268, 1270, 1271, 1276, 1277, 1278, 1281, 3843, 1283, 3333, 1288, 1290, 1291, 3852, 3854, 3855, 3342, 3861, 3862, 3865, 3867, 3872, 3874, 3875, 1334, 1335, 4412, 4413, 1344, 1346, 1347, 4422, 1352, 4424, 4425, 1353, 1354, 1357, 3406, 4430, 4431, 3409, 1359, 4432, 1364, 4437, 4435, 1367, 1366, 4442, 3418, 1372, 4445, 4444, 1373, 1379, 1382, 1383, 1384, 1385, 1390, 1391, 1392, 1397, 1402, 1404, 1405, 3995, 4004, 4006, 4007, 4013, 4014, 4017, 4019, 4024, 4026, 4027, 1509, 3558, 4070, 4071, 3561, 4080, 4082, 4083, 3570, 4088, 4089, 4090, 4093, 4095}
36 {1611, 1607}
37 {5593, 5594, 5587, 5607}
38 {3065, 5955}
39 {5993, 6145, 5803, 6183}
40 {6297, 6285, 6271}
41 {1037}
42 {4100, 4102, 4103, 3615, 3621, 3625, 3627, 3633, 3634, 3639, 3644, 3646, 3647, 4222, 4223, 4229, 4232, 4233, 4234, 4235, 4240, 4241, 4242, 4247, 4252, 1182, 1183, 4255, 4254, 1189, 1192, 3241, 1194, 1195, 1193, 3245, 1200, 1201, 1202, 3767, 1207, 1212, 3773, 1214, 1215, 3777, 3266, 3779, 3785, 4298, 4299, 3786, 3791, 4305, 4308, 3796, 4310, 4311, 3799, 4309, 3798, 4316, 4317, 4318, 4323, 4328, 1258, 1259, 4331, 4330, 1265, 1268, 1269, 1270, 1271, 1276, 1277, 1278, 3843, 1283, 1288, 3849, 1290, 1291, 3852, 3853, 3854, 3855, 3861, 3862, 3867, 3872, 3874, 3875, 1334, 1335, 4412, 4413, 1341, 1344, 3393, 1346, 1347, 4419, 1345, 4422, 3397, 1352, 4424, 4425, 1353, 1354, 4423, 3406, 4430, 4431, 1359, 4432, 1364, 4437, 1366, 1367, 4442, 3418, 4444, 4445, 3995, 4001, 4004, 4005, 4006, 4007, 4013, 4014, 4019, 4024, 4026, 4027, 3545, 3549, 3558, 4070, 4071, 4077, 4080, 4081, 4082, 4083, 3570, 4088, 4089, 4090, 4095}
43 {4522, 4554, 4547, 4525}
44 {4674, 4699, 4677, 4706}
45 {4753, 4750, 4782, 4775}
46 {4978, 5003, 4981, 5010}
47 {4826, 4851, 4829, 4858}
48 {4100, 4102, 4103, 3691, 3697, 3701, 3703, 3709, 4222, 4223, 3710, 3715, 4229, 4232, 4233, 4234, 4235, 3720, 3722, 3723, 4240, 4241, 4242, 4247, 4252, 1182, 1183, 4254, 4255, 1189, 1192, 1193, 1194, 1195, 1200, 1201, 1202, 1207, 1212, 1214, 1215, 4298, 4299, 4305, 4308, 4309, 4310, 4311, 4316, 4317, 4318, 4323, 4328, 1258, 1259, 4330, 4331, 1265, 1268, 1269, 1270, 1271, 1276, 1277, 1278, 3843, 1283, 1288, 3849, 1290, 1291, 3852, 3853, 3854, 3855, 3861, 3862, 3867, 3872, 3874, 3875, 1334, 1335, 4412, 4413, 1341, 1344, 1345, 1346, 4419, 1347, 4422, 4423, 1352, 4424, 4425, 1353, 1354, 4430, 4431, 4432, 1359, 1364, 4437, 1366, 1367, 4442, 4444, 4445, 3995, 4001, 4004, 4005, 4006, 4007, 4013, 4014, 4019, 4024, 4026, 4027, 4070, 4071, 4077, 4080, 4081, 4082, 4083, 4088, 4089, 4090, 4095}
49 {4905, 4934, 4902, 4927}
50 {5057, 5086, 5054, 5079}
51 {4384, 4385, 4386, 4387, 4392, 4393, 4394, 4399, 4404, 4406, 4407, 4374, 4375, 4381}
52 {1250, 1220, 1221, 1252, 1253, 1227, 1230, 1231, 1232, 1233, 1238, 1239, 1240, 1245}
53 {4100, 4102, 4103, 3615, 3621, 3625, 3627, 3633, 3634, 3639, 3644, 3646, 3647, 4222, 4223, 4229, 4232, 4233, 4234, 4235, 4240, 4241, 4242, 4247, 4252, 1182, 1183, 4255, 4254, 1189, 1192, 1193, 1194, 1195, 1200, 1201, 1202, 3767, 1207, 1212, 3773, 1214, 1215, 3777, 3779, 3785, 4298, 4299, 3786, 3791, 4305, 4308, 3796, 4310, 4311, 3799, 3798, 4309, 4316, 4317, 4318, 4323, 4328, 1258, 1259, 4331, 4330, 1265, 1268, 1269, 1270, 1271, 1276, 1277, 1278, 3843, 1283, 1288, 3849, 1290, 1291, 3852, 3853, 3854, 3855, 3861, 3862, 3867, 3872, 3874, 3875, 1334, 1335, 4412, 4413, 1341, 1344, 1345, 1346, 1347, 4419, 4422, 4423, 1352, 4424, 4425, 1353, 1354, 4430, 4431, 1359, 4432, 1364, 4437, 1366, 1367, 4442, 4444, 4445, 3469, 3473, 3482, 3995, 4001, 4004, 4005, 3494, 4006, 4007, 4013, 4014, 4019, 4024, 4026, 4027, 4070, 4071, 4077, 4080, 4081, 4082, 4083, 4088, 4089, 4090, 4095}
54 {4630, 4601, 4598, 4623}
55 {1283, 1288, 1290, 1291, 1182, 1183, 1189, 1192, 1193, 1194, 1195, 1200, 1201, 4146, 4147, 1202, 1334, 1335, 1207, 4153, 4156, 4157, 1341, 4158, 1344, 1345, 1346, 1347, 4164, 4165, 4159, 4166, 1352, 1353, 1354, 4171, 1359, 4176, 1212, 4178, 1364, 4179, 1366, 1367, 1214, 1215, 1258, 1259, 1265, 1268, 1269, 1270, 1271, 1276, 1277, 1278}
56 {5282, 5314, 5307}
57 {5390, 5358, 5383}
58 {1283, 4100, 4102, 4103, 1288, 1290, 1291, 1334, 1335, 4412, 4413, 1341, 1344, 1345, 1346, 4419, 1347, 4422, 4423, 1352, 4424, 4425, 1353, 1354, 4430, 3919, 4431, 4432, 1359, 1364, 3925, 4437, 1366, 3928, 3929, 3930, 3931, 4442, 4444, 1367, 4445, 3937, 3938, 3943, 3948, 3950, 3951, 4222, 4223, 4229, 4232, 4233, 4234, 4235, 4240, 4241, 4242, 4247, 4252, 1182, 1183, 4254, 4255, 1189, 1192, 1193, 1194, 1195, 1200, 1201, 1202, 1207, 1212, 1214, 1215, 4298, 4299, 4305, 4308, 4309, 4310, 4311, 4316, 4317, 4318, 4323, 4070, 4071, 4328, 1258, 1259, 4330, 4077, 4331, 4080, 1265, 4081, 4082, 1268, 1269, 1270, 4083, 4088, 4089, 4090, 1271, 1276, 1277, 1278, 4095}
59 {5155, 5162, 5130, 5133}
60 {5209, 5238, 5206, 5231}
61 {4100, 4102, 4103, 3093, 3105, 3169, 3181, 3190, 4222, 4223, 4232, 4233, 4234, 4235, 4240, 4241, 4242, 4245, 4247, 4252, 1182, 1183, 4255, 4254, 1192, 1193, 1194, 1195, 1200, 1201, 1202, 1205, 1207, 1212, 1214, 1215, 4298, 4299, 4308, 4309, 4310, 4311, 4316, 4317, 4318, 4321, 4323, 4328, 1258, 1259, 4331, 4330, 1268, 1269, 1270, 1271, 3321, 1276, 1277, 1278, 1281, 1283, 3333, 1288, 1290, 1291, 3342, 1334, 1335, 4412, 4413, 1344, 1345, 1346, 1347, 3397, 4422, 4423, 1352, 4424, 4425, 1353, 1354, 1357, 3406, 4430, 4431, 1359, 4432, 3409, 1364, 4437, 1366, 1367, 4435, 4442, 3418, 4444, 4445, 1497, 3549, 1509, 3558, 3561, 3570, 3615, 1573, 3625, 3627, 3633, 3634, 1585, 3637, 3639, 3644, 3646, 3647, 1649, 1661, 3767, 1721, 1725, 3777, 3779, 3785, 3786, 3789, 3791, 3796, 3798, 3799, 3843, 3852, 3853, 3854, 3855, 3861, 3862, 3865, 3867, 3872, 3874, 3875, 1851, 3995, 4004, 4005, 4006, 4007, 4013, 4014, 1965, 4017, 4019, 4024, 4026, 4027, 4070, 4071, 4080, 4081, 4082, 4083, 4088, 4089, 4090, 4093, 4095}
62 {1314, 1315, 1316, 1319, 1321, 1326, 1296, 1297, 1328, 1329, 1306, 1308, 1309}
63 {4516, 4484, 4487, 3143, 3219, 3228, 4509}
64 {4290, 4260, 4261, 4293, 4292, 4270, 4272, 4273, 4278, 4279, 4280, 4283, 4285}
65 {1547}
66 {4480, 4450, 4451, 4483, 4482, 4460, 4462, 4463, 4468, 4469, 4470, 4473, 4475}
67 {4864, 4737, 4867, 4744, 3596, 3599, 5016, 4889, 3608, 5019, 4636, 4639, 4896, 5041, 4788, 4661, 4791, 5048, 4668, 3653, 4940, 4813, 4943, 3665, 4820, 3671, 3672, 3675, 3677, 3682, 3684, 4965, 3685, 4712, 4715, 4972}
68 {1281, 4354, 4355, 4356, 1283, 4359, 1288, 4361, 1290, 1291, 4366, 4368, 4369, 1182, 1183, 1192, 1194, 1195, 1200, 1201, 1202, 1205, 1334, 1335, 1207, 1212, 1214, 1215, 1344, 1346, 1347, 1352, 1353, 1354, 1357, 1359, 1364, 1366, 1367, 1258, 1259, 4336, 4337, 1268, 4348, 1270, 1271, 4349, 4346, 1276, 1277, 1278}
69 {3456, 4585, 3371, 4560, 4592, 4563, 3380, 3444, 3447}
70 {4033, 5320, 4042, 4044, 4045, 4108, 4109, 4051, 4052, 5269, 4118, 4055, 4120, 4057, 4121, 5276, 4062, 4126, 4064, 5345, 4065, 4127, 4128, 4131, 4133, 5352, 4138, 4140, 4141, 5244}
71 {1440, 1410, 1411, 1442, 1443, 1417, 1420, 1421, 1422, 1423, 1428, 1429, 1430, 1435}
72 {3905, 5124, 3910, 3912, 5193, 3913, 5200, 3805, 5092, 3900, 5095, 3817, 3881, 3837, 3823, 3824, 5168, 3890, 3827, 5171, 3829, 3892, 3893, 3834, 3899, 3836, 5117, 3903}
73 {1250, 1699, 1220, 1221, 1252, 1253, 1230, 1232, 1233, 1238, 1239, 1240, 1243, 1245}
74 {4100, 4102, 4103, 3615, 3105, 3627, 1585, 3634, 3633, 3637, 3639, 3644, 3646, 3647, 3181, 3190, 1661, 4222, 4223, 4232, 4234, 4235, 4240, 4241, 4242, 4245, 4247, 4252, 1182, 1183, 4255, 4254, 1192, 1194, 1195, 1200, 1201, 1202, 1205, 3767, 1207, 1212, 1214, 1215, 3779, 3785, 4298, 4299, 3786, 3789, 3791, 4308, 3796, 4310, 4311, 3799, 3798, 4316, 4317, 4318, 4321, 4323, 4328, 1258, 1259, 4331, 4330, 1268, 1270, 1271, 1276, 1277, 1278, 1281, 3843, 1283, 3333, 1288, 1290, 1291, 3852, 3854, 3855, 3342, 3861, 3862, 3865, 3867, 3872, 3874, 3875, 1334, 1335, 4412, 4413, 1344, 1346, 1347, 4422, 1352, 4424, 4425, 1353, 1354, 1357, 3406, 4430, 4431, 3409, 1359, 4432, 1364, 4437, 4435, 1367, 1366, 4442, 3418, 1372, 4445, 4444, 1373, 1382, 1384, 1385, 1390, 1391, 1392, 1395, 1397, 1402, 1404, 1405, 3995, 4004, 4006, 4007, 4013, 4014, 4017, 4019, 4024, 4026, 4027, 1509, 3558, 4070, 4071, 3561, 4080, 4082, 4083, 3570, 4088, 4089, 4090, 4093, 4095}
75 {1623}
76 {5632, 6353, 6354, 6367, 5625, 6347, 5645, 5631}
77 {5841}
78 {6221}
79 {3027, 6259, 2951, 6233, 6247, 2875, 6031}
80 {6323, 6309, 6335}
81 {3456, 3431, 3304, 4585, 3435, 3279, 4560, 4592, 3283, 4563, 3444}
82 {5124, 3729, 3735, 3739, 3741, 3747, 3748, 3753, 3881, 3758, 3887, 3760, 3761, 5168, 5171, 3890, 3891, 3892, 3893, 3899, 3900, 3905, 3910, 3912, 5193, 3913, 5200, 5092, 5095, 5117}
83 {4864, 4737, 4867, 4744, 5016, 4889, 5019, 4636, 4639, 4896, 5041, 3507, 4788, 4661, 4791, 5048, 3511, 4668, 3520, 3653, 3659, 4940, 4813, 3532, 4943, 3663, 3665, 4820, 3671, 3672, 3677, 3682, 3684, 4965, 3685, 4712, 4715, 4972}
84 {4217, 4194, 4195, 4196, 4197, 4202, 4203, 4204, 4209, 4214, 4184, 4185, 4216, 4191}
85 {3968, 3969, 3975, 3976, 4108, 3981, 4109, 3986, 4115, 3988, 5269, 3989, 4118, 4119, 4120, 4121, 5276, 4126, 4127, 4128, 4133, 4138, 4140, 4141, 5320, 5345, 5352, 3957, 3963, 5244, 3966, 3967}
86 {1314, 1315, 1316, 1319, 1321, 1326, 1296, 1297, 1328, 1329, 1306, 1307, 1308, 1309}
87 {4516, 4484, 4487, 3143, 3207, 3219, 3131, 3228, 4509}
88 {4290, 4260, 4261, 4293, 4292, 4270, 4271, 4272, 4273, 4278, 4279, 4280, 4283, 4285}
89 {1547, 1535}
90 {4480, 4450, 4451, 4482, 4483, 4460, 4461, 4462, 4463, 4468, 4469, 4470, 4473, 4475}
91 {1763, 1759}
92 {4864, 4737, 3587, 4867, 4744, 3596, 3599, 3608, 5016, 4889, 5019, 4636, 4639, 4896, 5041, 4788, 4661, 4791, 5048, 4668, 3653, 4940, 4813, 4943, 3663, 3665, 4820, 3671, 3672, 3675, 3677, 3682, 3684, 4965, 3685, 4712, 4715, 4972}
93 {1281, 4354, 4355, 4356, 1283, 4359, 1288, 4361, 1290, 1291, 4366, 4368, 4369, 1182, 1183, 1192, 1193, 1194, 1195, 1200, 1201, 1202, 1205, 1334, 1335, 1207, 1212, 1214, 1215, 1344, 1345, 1346, 1347, 1352, 1353, 1354, 1357, 1359, 1364, 1366, 1367, 1258, 1259, 4336, 4337, 1268, 1269, 1270, 1271, 4348, 4349, 4346, 4347, 1276, 1277, 1278}
94 {3456, 4585, 3371, 3435, 4560, 4592, 4563, 3380, 3444, 3447, 3359}
95 {4108, 4109, 5269, 4118, 4119, 4120, 4121, 5276, 4126, 4127, 4128, 4131, 4133, 4138, 4140, 4141, 4033, 5320, 4042, 4043, 4044, 4045, 4051, 4052, 4055, 4057, 4062, 4064, 5345, 4065, 5352, 5244}
96 {1889, 2155, 2003}
97 {5124, 3881, 5168, 3890, 5171, 3891, 3892, 3893, 3899, 3900, 3903, 3905, 3910, 3912, 5193, 3913, 5200, 3805, 5092, 3815, 5095, 3817, 3837, 3823, 3824, 3827, 3829, 3834, 3836, 5117}
98 {1250, 1699, 1220, 1221, 1252, 1253, 1687, 1230, 1231, 1232, 1233, 1238, 1239, 1240, 1243, 1245}
99 {4100, 4102, 4103, 3615, 3105, 3627, 1585, 3634, 3633, 3637, 3639, 3644, 3646, 3647, 3181, 3190, 1661, 4222, 4223, 4232, 4234, 4235, 4240, 4241, 4242, 4245, 4247, 4252, 1182, 1183, 4255, 4254, 1192, 1194, 1195, 1200, 1201, 1202, 1205, 3767, 1207, 1212, 1214, 1215, 3779, 3785, 4298, 4299, 3786, 3789, 3791, 4308, 3796, 4310, 4311, 3799, 3798, 4316, 4317, 4318, 4321, 4323, 4328, 1258, 1259, 4331, 4330, 1268, 1270, 1271, 1276, 1277, 1278, 1281, 3843, 1283, 3333, 1288, 1290, 1291, 3852, 3854, 3855, 3342, 3861, 3862, 3865, 3867, 3872, 3874, 3875, 1334, 1335, 4412, 4413, 1344, 1346, 1347, 4422, 1352, 4424, 4425, 1353, 1354, 1357, 3406, 4430, 4431, 3409, 1359, 4432, 1364, 4437, 4435, 1367, 1366, 4442, 3418, 1372, 4445, 4444, 1373, 1382, 1383, 1384, 1385, 1390, 1391, 1392, 1395, 1397, 1402, 1404, 1405, 3995, 4004, 4006, 4007, 4013, 4014, 4017, 4019, 4024, 4026, 4027, 1509, 3558, 4070, 4071, 3561, 4080, 4082, 4083, 3570, 4088, 4089, 4090, 4093, 4095}
100 {1611, 1623}
101 {4100, 4102, 4103, 3615, 3627, 3633, 3634, 3637, 3639, 3644, 3646, 3647, 4222, 4223, 4232, 4234, 4235, 4240, 4241, 4242, 4245, 4247, 4252, 1182, 1183, 4255, 4254, 1192, 1194, 1195, 1200, 1201, 1202, 1205, 3767, 1207, 3257, 1212, 1214, 1215, 3266, 3779, 3785, 4298, 4299, 3786, 3789, 3791, 4308, 3796, 4310, 4311, 3799, 3798, 4316, 4317, 4318, 4321, 4323, 4328, 1258, 1259, 4331, 4330, 1268, 1270, 1271, 1276, 1277, 1278, 1281, 3843, 1283, 1288, 1290, 1291, 3852, 3854, 3855, 3861, 3862, 3865, 3867, 3872, 3874, 3875, 1334, 1335, 4412, 4413, 1344, 1346, 1347, 4422, 1352, 4424, 4425, 1353, 1354, 1357, 3406, 4430, 4431, 3409, 1359, 4432, 1364, 4437, 4435, 1367, 1366, 4442, 3418, 4444, 4445, 3995, 4004, 4006, 4007, 4013, 4014, 4017, 4019, 4024, 4026, 4027, 3558, 4070, 4071, 3561, 4080, 4082, 4083, 3570, 4088, 4089, 4090, 4093, 4095}
102 {4100, 4102, 4103, 3691, 3703, 3709, 4222, 4223, 3710, 3713, 3715, 4232, 3720, 4234, 4235, 3722, 3723, 4240, 4241, 4242, 4245, 4247, 4252, 1182, 1183, 4254, 4255, 1192, 1194, 1195, 1200, 1201, 1202, 1205, 1207, 1212, 1214, 1215, 4298, 4299, 4308, 4310, 4311, 4316, 4317, 4318, 4321, 4323, 4328, 1258, 1259, 4330, 4331, 1268, 1270, 1271, 1276, 1277, 1278, 1281, 3843, 1283, 1288, 1290, 1291, 3852, 3854, 3855, 3861, 3862, 3865, 3867, 3872, 3874, 3875, 1334, 1335, 4412, 4413, 1344, 1346, 1347, 4422, 1352, 4424, 4425, 1353, 1354, 1357, 4430, 4431, 4432, 1359, 4435, 1364, 4437, 1366, 1367, 4442, 4444, 4445, 3995, 4004, 4006, 4007, 4013, 4014, 4017, 4019, 4024, 4026, 4027, 4070, 4071, 4080, 4082, 4083, 4088, 4089, 4090, 4093, 4095}
103 {4384, 4386, 4387, 4392, 4393, 4394, 4397, 4399, 4404, 4406, 4407, 4374, 4375}
104 {1250, 1220, 1221, 1252, 1253, 1230, 1232, 1233, 1238, 1239, 1240, 1243, 1245}
105 {4100, 4102, 4103, 3615, 3627, 3633, 3634, 3637, 3639, 3644, 3646, 3647, 4222, 4223, 4232, 4234, 4235, 4240, 4241, 4242, 4245, 4247, 4252, 1182, 1183, 4255, 4254, 1192, 1194, 1195, 1200, 1201, 1202, 1205, 3767, 1207, 1212, 1214, 1215, 3779, 3785, 4298, 4299, 3786, 3789, 3791, 4308, 3796, 4310, 4311, 3799, 3798, 4316, 4317, 4318, 4321, 4323, 4328, 1258, 1259, 4331, 4330, 1268, 1270, 1271, 1276, 1277, 1278, 1281, 3843, 1283, 1288, 1290, 1291, 3852, 3854, 3855, 3861, 3862, 3865, 3867, 3872, 3874, 3875, 1334, 1335, 4412, 4413, 1344, 1346, 1347, 4422, 1352, 4424, 4425, 1353, 1354, 1357, 4430, 4431, 1359, 4432, 4435, 1364, 4437, 1366, 1367, 4442, 4444, 4445, 3482, 3995, 3485, 4004, 3494, 4006, 4007, 4013, 4014, 4017, 4019, 4024, 4026, 4027, 4070, 4071, 4080, 4082, 4083, 4088, 4089, 4090, 4093, 4095}
106 {1281, 1283, 1288, 1290, 1291, 1182, 1183, 1192, 1194, 1195, 1200, 1201, 4146, 4147, 1202, 1205, 1334, 1335, 1207, 4156, 1212, 4158, 4159, 1344, 1214, 1346, 1347, 4164, 4165, 4166, 1215, 1352, 1353, 1354, 4169, 4171, 1357, 1359, 4176, 4178, 4179, 1364, 1366, 1367, 1258, 1259, 1268, 1270, 1271, 1276, 1277, 1278}
107 {1473, 1478, 1480, 1448, 1449, 1481, 1455, 1458, 1459, 1460, 1461, 1466, 1467, 1468}
108 {1281, 1283, 4100, 4102, 4103, 1288, 1290, 1291, 1334, 1335, 4412, 4413, 1344, 1346, 1347, 4422, 1352, 4424, 1354, 4425, 1353, 1357, 4430, 1359, 4432, 3919, 4431, 4435, 1364, 4437, 1366, 1367, 3928, 4442, 3930, 4444, 4445, 3931, 3937, 3938, 3941, 3943, 3948, 3950, 3951, 4093, 4222, 4223, 4232, 4234, 4235, 4240, 4241, 4242, 4245, 4247, 4252, 1182, 4254, 4255, 1183, 1192, 1194, 1195, 1200, 1201, 1202, 1205, 1207, 1212, 1214, 1215, 4298, 4299, 4308, 4310, 4311, 4316, 4317, 4318, 4321, 4323, 4070, 4071, 4328, 1258, 4330, 4331, 1259, 4080, 4082, 4083, 1268, 1270, 1271, 4088, 4089, 4090, 1276, 1277, 1278, 4095}
109 {4100, 4102, 4103, 3093, 3615, 3105, 1573, 3625, 3627, 3633, 3634, 1585, 3637, 3639, 3644, 3646, 3647, 3169, 3181, 1649, 3190, 1661, 4222, 4223, 4232, 4233, 4234, 4235, 4240, 4241, 4242, 4245, 4247, 4252, 1182, 1183, 4255, 4254, 1192, 1193, 1194, 1195, 1200, 1201, 1202, 1205, 1207, 3767, 1212, 1214, 1215, 3777, 3779, 1737, 4298, 4299, 3785, 3786, 3789, 3791, 4308, 4309, 4310, 4311, 3796, 3798, 3799, 4316, 4317, 4318, 4321, 4323, 4328, 1258, 1259, 4331, 4330, 1268, 1269, 1270, 1271, 3321, 1276, 1277, 1278, 1281, 1283, 3843, 3333, 1288, 1290, 1291, 3852, 3853, 3342, 3854, 3855, 3861, 3862, 3865, 3867, 3872, 3874, 3875, 1334, 1335, 1851, 4412, 4413, 1344, 1345, 1346, 1347, 3397, 4422, 4423, 1352, 4424, 4425, 1353, 1354, 1357, 3406, 4430, 4431, 1359, 4432, 3409, 1364, 4437, 1366, 1367, 4435, 4442, 3418, 4444, 4445, 3995, 4004, 4005, 4006, 4007, 4013, 4014, 1965, 4017, 4019, 4024, 4026, 4027, 1497, 3549, 1509, 3558, 4070, 4071, 3561, 4080, 4081, 3570, 4082, 4083, 4088, 4089, 4090, 4093, 4095}
110 {1440, 1410, 1411, 1442, 1443, 1420, 1422, 1423, 1428, 1429, 1430, 1433, 1435}
111 {6528, 6533, 6405, 6391, 6613, 6619, 6620, 6621, 6623, 6499, 6631, 6505, 6506, 6507, 6637, 6638, 6509, 6385, 6642, 6517, 6647, 6392, 6523, 6524}
112 {5683, 5669, 5670, 5663}
113 {6145, 5993, 6069, 6183}
114 {4100, 4102, 4103, 3615, 3625, 3627, 3633, 3634, 3637, 3639, 3644, 3646, 3647, 4222, 4223, 4232, 4233, 4234, 4235, 4240, 4241, 4242, 4245, 4247, 4252, 1182, 1183, 4255, 4254, 1192, 1193, 1194, 1195, 3245, 1200, 1201, 1202, 1205, 3767, 1207, 3257, 1212, 1214, 1215, 3777, 3266, 3779, 3785, 4298, 4299, 3786, 3789, 3791, 4308, 3796, 4310, 4311, 3799, 4309, 3798, 4316, 4317, 4318, 4321, 4323, 4328, 1258, 1259, 4331, 4330, 1268, 1269, 1270, 1271, 1276, 1277, 1278, 1281, 3843, 1283, 1288, 1290, 1291, 3852, 3853, 3854, 3855, 3861, 3862, 3865, 3867, 3872, 3874, 3875, 1334, 1335, 4412, 4413, 1344, 1345, 1346, 1347, 3397, 4422, 4423, 1352, 4424, 4425, 1353, 1354, 1357, 3406, 4430, 4431, 1359, 4432, 3409, 1364, 4437, 4435, 1367, 1366, 4442, 3418, 4444, 4445, 3995, 4004, 4005, 4006, 4007, 4013, 4014, 4017, 4019, 4024, 4026, 4027, 3549, 3558, 4070, 4071, 3561, 4080, 4081, 4082, 4083, 3570, 4088, 4089, 4090, 4093, 4095}
115 {1801, 1797}
116 {4100, 4102, 4103, 3691, 3701, 3703, 3709, 4222, 4223, 3710, 3713, 3715, 4232, 4233, 4234, 4235, 3720, 3722, 3723, 4240, 4241, 4242, 4245, 4247, 4252, 1182, 1183, 4254, 4255, 1192, 1193, 1194, 1195, 1200, 1201, 1202, 1205, 1207, 1212, 1214, 1215, 4298, 4299, 4308, 4309, 4310, 4311, 4316, 4317, 4318, 4321, 4323, 4328, 1258, 1259, 4330, 4331, 1268, 1269, 1270, 1271, 1276, 1277, 1278, 1281, 3843, 1283, 1288, 1290, 1291, 3852, 3853, 3854, 3855, 3861, 3862, 3865, 3867, 3872, 3874, 3875, 1334, 1335, 4412, 4413, 1344, 1345, 1346, 1347, 4422, 4423, 1352, 4424, 4425, 1353, 1354, 1357, 4430, 4431, 4432, 1359, 4435, 1364, 4437, 1366, 1367, 4442, 4444, 4445, 3995, 4004, 4005, 4006, 4007, 4013, 4014, 4017, 4019, 4024, 4026, 4027, 4070, 4071, 4080, 4081, 4082, 4083, 4088, 4089, 4090, 4093, 4095}
117 {4384, 4385, 4386, 4387, 4392, 4393, 4394, 4397, 4399, 4404, 4406, 4407, 4374, 4375}
118 {1250, 1220, 1221, 1252, 1253, 1230, 1231, 1232, 1233, 1238, 1239, 1240, 1243, 1245}
119 {4100, 4102, 4103, 3615, 3625, 3627, 3633, 3634, 3637, 3639, 3644, 3646, 3647, 4222, 4223, 4232, 4233, 4234, 4235, 4240, 4241, 4242, 4245, 4247, 4252, 1182, 1183, 4255, 4254, 1192, 1193, 1194, 1195, 1200, 1201, 1202, 1205, 3767, 1207, 1212, 1214, 1215, 3777, 3779, 3785, 4298, 4299, 3786, 3789, 3791, 4308, 3796, 4310, 4311, 3799, 3798, 4309, 4316, 4317, 4318, 4321, 4323, 4328, 1258, 1259, 4331, 4330, 1268, 1269, 1270, 1271, 1276, 1277, 1278, 1281, 3843, 1283, 1288, 1290, 1291, 3852, 3853, 3854, 3855, 3861, 3862, 3865, 3867, 3872, 3874, 3875, 1334, 1335, 4412, 4413, 1344, 1345, 1346, 1347, 4422, 4423, 1352, 4424, 4425, 1353, 1354, 1357, 4430, 4431, 1359, 4432, 4435, 1364, 4437, 1366, 1367, 4442, 4444, 4445, 3473, 3482, 3995, 3485, 4004, 4005, 3494, 4006, 4007, 4013, 4014, 4017, 4019, 4024, 4026, 4027, 4070, 4071, 4080, 4081, 4082, 4083, 4088, 4089, 4090, 4093, 4095}
120 {1281, 1283, 1288, 1290, 1291, 1182, 1183, 1192, 1193, 1194, 1195, 1200, 1201, 4146, 4147, 1202, 1205, 1334, 1335, 1207, 4156, 4157, 4158, 4159, 1344, 1345, 1346, 1347, 4164, 4165, 4166, 1214, 1352, 1353, 1354, 4169, 4171, 1357, 1359, 4176, 1212, 4178, 1364, 4179, 1366, 1367, 1215, 1258, 1259, 1268, 1269, 1270, 1271, 1276, 1277, 1278}
121 {4100, 4102, 4103, 3093, 3615, 3105, 1573, 3625, 3627, 3633, 3634, 1585, 3637, 3639, 3644, 3646, 3647, 4089, 3169, 3181, 1649, 3190, 1661, 4222, 4223, 4232, 4233, 4234, 4235, 4240, 4241, 4242, 4245, 4247, 4252, 1182, 1183, 4255, 4254, 1192, 1193, 1194, 1195, 1200, 1201, 1202, 1205, 3767, 1207, 1212, 1214, 1215, 3777, 3779, 3785, 4298, 4299, 3786, 3789, 3791, 4308, 3796, 4310, 4311, 3799, 4309, 3798, 4316, 4317, 4318, 4321, 4323, 4328, 1258, 1259, 4331, 4330, 1268, 1269, 1270, 1271, 3321, 1276, 1277, 1278, 1281, 3843, 1283, 3333, 1288, 1290, 1291, 3852, 3853, 3854, 3855, 3342, 3861, 3862, 3865, 3867, 3872, 3874, 3875, 1334, 1335, 4412, 4413, 1344, 1345, 1346, 1347, 3397, 4422, 4423, 1352, 4424, 4425, 1353, 1354, 1357, 3406, 4430, 4431, 1359, 4432, 3409, 1364, 4437, 1366, 1367, 4435, 4442, 3418, 4444, 4445, 3995, 4004, 4005, 4006, 4007, 4013, 4014, 4017, 4019, 4024, 4026, 4027, 1497, 3549, 1509, 3558, 4070, 4071, 3561, 4080, 4081, 4082, 4083, 3570, 4088, 2041, 4090, 4093, 4095}
122 {1927}
123 {1281, 1283, 4100, 4102, 4103, 1288, 1290, 1291, 1334, 1335, 4412, 4413, 1344, 1345, 1346, 1347, 4422, 4423, 1352, 4424, 4425, 1353, 1354, 1357, 4430, 3919, 4431, 4432, 1359, 4435, 1364, 4437, 1366, 1367, 3928, 3929, 3930, 3931, 4442, 4444, 4445, 3937, 3938, 3941, 3943, 3948, 3950, 3951, 4093, 4222, 4223, 4232, 4233, 4234, 4235, 4240, 4241, 4242, 4245, 4247, 4252, 1182, 1183, 4254, 4255, 1192, 1193, 1194, 1195, 1200, 1201, 1202, 1205, 1207, 1212, 1214, 1215, 4298, 4299, 4308, 4309, 4310, 4311, 4316, 4317, 4318, 4321, 4323, 4070, 4071, 4328, 1258, 1259, 4330, 4331, 4080, 4081, 4082, 4083, 1268, 1269, 1270, 1271, 4088, 4089, 4090, 1276, 1277, 1278, 4095}
124 {4100, 4102, 4103, 3093, 3105, 3169, 3181, 3190, 4222, 4223, 4232, 4233, 4234, 4235, 4240, 4241, 4242, 4245, 4247, 4252, 1182, 1183, 4255, 4254, 1192, 1193, 1194, 1195, 1200, 1201, 1202, 1205, 1207, 1212, 1214, 1215, 4298, 4299, 4308, 4309, 4310, 4311, 4316, 4317, 4318, 4321, 4323, 4328, 1258, 1259, 4331, 4330, 1268, 1269, 1270, 1271, 3321, 1276, 1277, 1278, 1281, 1283, 3333, 1288, 1290, 1291, 3342, 1334, 1335, 4412, 4413, 1344, 1345, 1346, 1347, 3397, 4422, 4423, 1352, 4424, 4425, 1353, 1354, 1357, 3406, 4430, 4431, 1359, 4432, 3409, 1364, 4437, 1366, 1367, 4435, 4442, 3418, 4444, 4445, 1497, 3549, 1509, 3558, 3561, 3570, 3615, 1573, 3625, 3627, 3633, 3634, 1585, 3637, 3639, 3644, 3646, 3647, 1649, 1661, 3767, 1725, 3777, 3779, 1737, 3785, 3786, 3789, 3791, 3796, 3798, 3799, 3843, 3852, 3853, 3854, 3855, 3861, 3862, 3865, 3867, 3872, 3874, 3875, 1851, 3995, 4004, 4005, 4006, 4007, 4013, 4014, 1965, 4017, 4019, 4024, 4026, 4027, 4070, 4071, 4080, 4081, 4082, 4083, 4088, 4089, 4090, 4093, 4095}
125 {1440, 1410, 1411, 1442, 1443, 1420, 1421, 1422, 1423, 1428, 1429, 1430, 1433, 1435}
126 {3456, 3304, 4585, 4560, 4592, 4563, 3444, 3447, 3295}
127 {3905, 5124, 3910, 3912, 5193, 3913, 5200, 3729, 3741, 3747, 3748, 5092, 3751, 5095, 3753, 3881, 3758, 3760, 3761, 5168, 5171, 3890, 3892, 3893, 3899, 3900, 5117, 3903}
128 {4864, 4737, 4867, 4744, 5016, 4889, 5019, 4636, 4639, 4896, 5041, 4788, 4661, 4791, 5048, 4668, 3520, 3523, 3653, 4940, 4813, 3532, 4943, 3665, 4820, 3671, 3672, 3675, 3677, 3682, 3684, 4965, 3685, 4712, 4715, 4972}
129 {4217, 4194, 4196, 4197, 4202, 4203, 4204, 4207, 4209, 4214, 4184, 4185, 4216}
130 {3968, 3969, 3975, 5320, 3976, 3979, 4108, 3981, 4109, 3986, 3988, 5269, 3989, 4118, 4120, 4121, 5276, 4126, 4127, 4128, 5345, 4131, 4133, 5352, 4138, 4140, 4141, 3957, 5244, 3966}
131 {1775}
132 {1473, 1478, 1480, 1448, 1449, 1481, 1458, 1460, 1461, 1466, 1467, 1468, 1471}
133 {6657, 6658, 6659, 6661, 6669, 6675, 6676, 6680, 6685, 7715, 7721, 7722, 7723, 7725, 7733, 7739, 7740, 7231, 7744, 7749, 6727, 6733, 6734, 6735, 6737, 6745, 6751, 6752, 6756, 6761, 6803, 6809, 6810, 6811, 6813, 6821, 8361, 6827, 6828, 8367, 6832, 7345, 8368, 8369, 8371, 6837, 7867, 8379, 7873, 7874, 7875, 8385, 7877, 8390, 8386, 8395, 6347, 7885, 6353, 6354, 6355, 7891, 6357, 7892, 7383, 7896, 7387, 7901, 6365, 6879, 6371, 6372, 6885, 6886, 6887, 6376, 6889, 6381, 6897, 6903, 6904, 6908, 6913, 6423, 6429, 6430, 6443, 6955, 7981, 6961, 6962, 7987, 7988, 6963, 7989, 6965, 7991, 2875, 6973, 7999, 6979, 6980, 8005, 8006, 6984, 8010, 6989, 8015, 7031, 7037, 381, 7038, 7039, 7041, 387, 388, 389, 2951, 391, 6537, 7049, 6543, 6544, 6545, 399, 6547, 7060, 7055, 405, 7056, 406, 7065, 410, 6555, 415, 6561, 6562, 6566, 6571, 8627, 8633, 8634, 8635, 8637, 7107, 8645, 7113, 7114, 7115, 8651, 7117, 8652, 8656, 3027, 8661, 7125, 7131, 7132, 7136, 7141, 6651}
134 {6107}
135 {3456, 3304, 4585, 3435, 4560, 4592, 3283, 4563, 3444, 3447, 3295}
136 {5124, 3729, 3739, 3741, 3747, 3748, 3751, 3753, 3881, 3758, 3760, 3761, 5168, 5171, 3890, 3891, 3892, 3893, 3899, 3900, 3903, 3905, 3910, 3912, 5193, 3913, 5200, 5092, 5095, 5117}
137 {4864, 4737, 4867, 4744, 5016, 4889, 5019, 4636, 4639, 4896, 5041, 4788, 4661, 4791, 5048, 3511, 4668, 3520, 3523, 3653, 4940, 4813, 3532, 4943, 3663, 3665, 4820, 3671, 3672, 3675, 3677, 3682, 3684, 4965, 3685, 4712, 4715, 4972}
138 {4217, 4194, 4195, 4196, 4197, 4202, 4203, 4204, 4207, 4209, 4214, 4184, 4185, 4216}
139 {2155, 2003, 2079}
140 {3968, 3969, 3975, 3976, 3979, 4108, 3981, 4109, 3986, 3988, 5269, 3989, 4118, 4119, 4120, 4121, 5276, 4126, 4127, 4128, 4131, 4133, 4138, 4140, 4141, 5320, 5345, 5352, 3957, 5244, 3966, 3967}
141 {1763, 1775}
142 {1473, 1478, 1480, 1448, 1449, 1481, 1458, 1459, 1460, 1461, 1466, 1467, 1468, 1471}
143 {1813}
144 {6789, 6790, 6794, 6765, 6799, 6771, 6772, 6773, 6775, 6783}
145 {7535, 7269, 7687}
146 {6481, 6467, 6468, 6461}
147 {6848, 6849, 6851, 6859, 6865, 6866, 6870, 6841, 6875, 6847}
148 {7075, 7076, 7077, 7079, 7087, 7093, 7094, 7098, 7069, 7103}
149 {4100, 4102, 4103, 3089, 3615, 1569, 3621, 3627, 3633, 3634, 3639, 3644, 3646, 3647, 7753, 7759, 7760, 7761, 7763, 7771, 3165, 7777, 7778, 7782, 7787, 1645, 3190, 4222, 4223, 4229, 4232, 4234, 4235, 4240, 4241, 4242, 4247, 4252, 1182, 1183, 4255, 4254, 1189, 1192, 1194, 1195, 1200, 1201, 1202, 3767, 1207, 1212, 3773, 1214, 1215, 3779, 3785, 4298, 4299, 3786, 3791, 4305, 4308, 3796, 4310, 4311, 3799, 3798, 4316, 4317, 4318, 7905, 4323, 7911, 4328, 7912, 1258, 1259, 4331, 4330, 7913, 7915, 1265, 7923, 1268, 3317, 1270, 1271, 7929, 7930, 1276, 1277, 1278, 7934, 3843, 1283, 7939, 1288, 3849, 1290, 1291, 3852, 3342, 3854, 3855, 3861, 3862, 3867, 3872, 3874, 3875, 1334, 1335, 4412, 4413, 1341, 1344, 3393, 1346, 1347, 4419, 4422, 1352, 4424, 4425, 1353, 1354, 3406, 4430, 4431, 1359, 4432, 1364, 4437, 1366, 1367, 3418, 4442, 4444, 4445, 3995, 4001, 4004, 4006, 4007, 4013, 4014, 4019, 4024, 4026, 4027, 1493, 3545, 3558, 4070, 4071, 4077, 4080, 4082, 4083, 3570, 4088, 4089, 4090, 4095}
150 {6528, 6403, 6533, 6409, 6410, 6414, 6419, 6391, 6395, 6613, 6619, 6620, 6621, 6623, 6499, 6631, 6505, 6506, 6507, 6637, 6638, 6509, 6385, 6642, 6517, 6647, 6392, 6393, 6523, 6524}
151 {6946, 6917, 6951, 6923, 6924, 6925, 6927, 6935, 6941, 6942}
152 {6593, 6599, 6600, 6604, 6575, 6609, 6581, 6582, 6583, 6585}
153 {7169, 7170, 7174, 7145, 7179, 7151, 7152, 7153, 7155, 7163}
154 {8399, 8019, 8405, 8406, 8407, 8025, 8409, 8026, 8027, 8029, 8417, 8037, 8423, 8424, 8043, 8428, 8044, 8048, 8433, 8053}
155 {7011, 7017, 7018, 7022, 6993, 7027, 6999, 7000, 7001, 7003}
156 {7425, 2698, 2571, 2701, 2318, 2191, 2321, 2578, 2198, 2723, 2470, 2343, 2473, 2730, 2350, 2622, 2495, 2625, 2242, 2245, 2502, 2774, 2647, 2777, 2394, 2267, 2397, 2654, 2274, 2799, 2546, 2419, 2549, 2166, 2806, 2169, 2426, 7421}
157 {8672, 8673, 8675, 8683, 9038, 8689, 8690, 8694, 8665, 8699, 8671}
158 {6689, 6723, 6695, 6696, 6697, 6699, 6707, 6713, 6714, 6718}
159 {448, 419, 581, 453, 585, 426, 427, 425, 429, 437, 443, 444}
160 {2117}
161 {1801, 1813}
162 {7307}
163 {7387, 7573, 7383}
164 {1314, 1315, 1316, 1321, 1326, 1296, 1297, 1328, 1329, 1303, 1306, 1308, 1309}
165 {3203, 4516, 4484, 4487, 3127, 3228, 4509}
166 {4290, 4260, 4261, 4293, 4292, 4267, 4270, 4272, 4273, 4278, 4279, 4280, 4285}
167 {1531}
168 {4480, 4450, 4451, 4482, 4483, 4457, 4460, 4462, 4463, 4468, 4469, 4470, 4475}
169 {4864, 4737, 4867, 4744, 3596, 5016, 4889, 3608, 5019, 4636, 4639, 4896, 5041, 4788, 4661, 4791, 5048, 4668, 3653, 3659, 4940, 4813, 4943, 3665, 4820, 3671, 3672, 3677, 3682, 3684, 4965, 3685, 4712, 4715, 4972, 3583}
170 {4354, 4355, 4356, 1283, 1288, 4361, 1290, 1291, 4366, 4368, 4369, 1182, 1183, 1189, 1192, 1194, 1195, 1200, 1201, 1202, 1334, 1335, 1207, 1212, 1341, 1214, 1215, 1344, 1346, 1347, 1352, 1353, 1354, 1359, 1364, 1366, 1367, 1258, 1259, 4336, 4337, 1265, 1268, 4348, 1270, 4343, 4349, 4346, 1271, 1276, 1277, 1278}
171 {7968, 7972, 7943, 7977, 7949, 7950, 7951, 7953, 7961, 7967}
172 {3456, 3431, 4585, 4560, 4592, 4563, 3380, 3444, 3355}
173 {4033, 4039, 5320, 4042, 4044, 4045, 4108, 4109, 4051, 4052, 5269, 4115, 4118, 4120, 4057, 4121, 5276, 4062, 4126, 4064, 5345, 4065, 4127, 4128, 4133, 5352, 4138, 4140, 4141, 5244}
174 {7809, 7815, 7816, 7820, 7791, 7825, 7797, 7798, 7799, 7801}
175 {3905, 5124, 3910, 3912, 5193, 3913, 5200, 3805, 3811, 5092, 3900, 5095, 3817, 3881, 3837, 3823, 3824, 5168, 3887, 5171, 3890, 3829, 3892, 3893, 3834, 3899, 3836, 5117}
176 {1250, 1220, 1221, 1252, 1253, 1227, 1230, 1232, 1233, 1683, 1238, 1239, 1240, 1245}
177 {4100, 4102, 4103, 3615, 3105, 3627, 1585, 3634, 3633, 3637, 3639, 3644, 3646, 3647, 3181, 3190, 1661, 4222, 4223, 4232, 4234, 4235, 4240, 4241, 4242, 4245, 4247, 4252, 1182, 1183, 4255, 4254, 1192, 1194, 1195, 1200, 1201, 1202, 1205, 3767, 1207, 1212, 1214, 1215, 3779, 3785, 4298, 4299, 3786, 3789, 3791, 4308, 3796, 4310, 4311, 3799, 3798, 4316, 4317, 4318, 4321, 4323, 4328, 1258, 1259, 4331, 4330, 1268, 1270, 1271, 1276, 1277, 1278, 1281, 3843, 1283, 3333, 1288, 1290, 1291, 3852, 3854, 3855, 3342, 3861, 3862, 3865, 3867, 3872, 3874, 3875, 1334, 1335, 4412, 4413, 1344, 1346, 1347, 4422, 1352, 4424, 4425, 1353, 1354, 1357, 3406, 4430, 4431, 3409, 1359, 4432, 1364, 4437, 4435, 1367, 1366, 4442, 3418, 1372, 4445, 4444, 1373, 1379, 1382, 1384, 1385, 1390, 1391, 1392, 1397, 1402, 1404, 1405, 3995, 4004, 4006, 4007, 4013, 4014, 4017, 4019, 4024, 4026, 4027, 1509, 3558, 4070, 4071, 3561, 4080, 4082, 4083, 3570, 4088, 4089, 4090, 4093, 4095}
178 {1607}
179 {6657, 6658, 6659, 6661, 6669, 6675, 6676, 6680, 6685, 7715, 7721, 7722, 7723, 7725, 7733, 7739, 7740, 7231, 7744, 7749, 6727, 6733, 6734, 6735, 6737, 6745, 6751, 6752, 6756, 6761, 6803, 6809, 6810, 6811, 6813, 6821, 8361, 6827, 6828, 8367, 6832, 7345, 8368, 8369, 8371, 6837, 7867, 8379, 7873, 7874, 7875, 8385, 7877, 8390, 8386, 8395, 6347, 7885, 6353, 6354, 6355, 7891, 6357, 7892, 7383, 7896, 7387, 7901, 6365, 6879, 6371, 6372, 6885, 6886, 6887, 6376, 6889, 6381, 6897, 6903, 6904, 6908, 6913, 6423, 6429, 6430, 6431, 6433, 6441, 6955, 7981, 6447, 6448, 6961, 6962, 7987, 6452, 7988, 6963, 7989, 6965, 6457, 7991, 2875, 6973, 7999, 6979, 6980, 8005, 8006, 6984, 8010, 6989, 8015, 7031, 381, 7037, 7038, 7039, 7041, 387, 388, 389, 2951, 391, 6537, 7049, 6543, 6544, 6545, 399, 6547, 7060, 7055, 405, 7056, 406, 7065, 410, 6555, 415, 6561, 6562, 6566, 6571, 8627, 8633, 8634, 8635, 8637, 7107, 8645, 7113, 7114, 7115, 8651, 7117, 8652, 8656, 3027, 8661, 7125, 7131, 7132, 7136, 7141, 6651}
180 {7201, 7207, 7208, 7212, 7183, 7217, 7189, 7190, 7191, 7193}
181 {4100, 4102, 4103, 3615, 3105, 3627, 3633, 3634, 3637, 3639, 3644, 3646, 3647, 3181, 3190, 4222, 4223, 4232, 4234, 4235, 4240, 4241, 4242, 4245, 4247, 4252, 1182, 1183, 4255, 4254, 1192, 1194, 1195, 1200, 1201, 1202, 1205, 3767, 1207, 1212, 1214, 1215, 3779, 3785, 4298, 4299, 3786, 3789, 3791, 4308, 3796, 4310, 4311, 3799, 3798, 4316, 4317, 4318, 4321, 4323, 4328, 1258, 1259, 4331, 4330, 1268, 8437, 1270, 1271, 8443, 1276, 1277, 1278, 8444, 8445, 1281, 8447, 3843, 1283, 3333, 8455, 1288, 1290, 1291, 3852, 8461, 3854, 3855, 3342, 8462, 8466, 3861, 3862, 8471, 3865, 3867, 3872, 3874, 3875, 1334, 1335, 4412, 4413, 1344, 1346, 1347, 4422, 1352, 4424, 4425, 1353, 1354, 1357, 3406, 4430, 4431, 3409, 1359, 4432, 1364, 4437, 4435, 1367, 1366, 4442, 3418, 4444, 4445, 8057, 8063, 8064, 8065, 8067, 8075, 8081, 8082, 8086, 3995, 8091, 4004, 4006, 4007, 4013, 4014, 4017, 4019, 4024, 4026, 4027, 3558, 4070, 4071, 3561, 4080, 4082, 4083, 3570, 4088, 4089, 4090, 4093, 4095}
182 {2356, 2381, 2388, 2359}
183 {2692, 2660, 2685, 2663}
184 {2204, 2236, 2229, 2207}
185 {2844, 2812, 2837, 2815}
186 {2432, 2457, 2435, 2464}
187 {2540, 2508, 2533, 2511}
188 {2616, 2609, 2587, 2584}
189 {2736, 2761, 2739, 2768}
190 {4100, 4102, 4103, 3089, 3093, 3615, 1569, 1573, 3621, 3625, 3627, 3633, 3634, 3639, 3644, 3646, 3647, 3165, 3169, 1645, 1649, 3190, 4222, 4223, 4229, 4232, 4233, 4234, 4235, 4240, 4241, 4242, 4247, 4252, 1182, 1183, 4255, 4254, 1189, 1192, 1193, 1194, 1195, 1200, 1201, 1202, 3767, 1207, 1212, 3773, 1214, 1215, 3777, 3779, 3785, 4298, 4299, 3786, 3791, 4305, 4308, 3796, 4310, 4311, 3799, 4309, 3798, 4419, 4316, 4317, 4318, 4323, 4328, 1258, 1259, 4331, 4330, 1265, 1268, 1269, 1270, 1271, 3317, 3321, 1276, 1277, 1278, 3843, 1283, 1288, 3849, 1290, 1291, 3852, 3853, 3854, 3855, 3342, 3861, 3862, 3867, 3872, 3874, 3875, 7459, 7463, 1334, 1335, 4412, 4413, 1341, 1344, 1345, 1346, 1347, 3393, 3397, 4422, 4423, 1352, 4424, 4425, 1353, 1354, 3406, 4430, 4431, 1359, 4432, 1364, 4437, 1366, 1367, 4442, 3418, 4444, 4445, 3995, 4001, 4004, 4005, 4006, 4007, 4013, 4014, 4019, 4024, 4026, 4027, 1493, 1497, 3545, 3549, 3558, 4070, 4071, 4077, 4080, 4081, 4082, 4083, 3570, 4088, 4089, 4090, 4095}
191 {2280, 2305, 2283, 2312}
192 {8737, 8709, 8710, 8711, 8713, 8721, 8727, 8728, 8732, 8703}
193 {481, 482, 486, 457, 491, 463, 464, 465, 1075, 467, 885, 475}
194 {7535, 7611, 7687}
195 {4100, 4102, 4103, 3615, 3621, 3627, 3633, 3634, 3639, 3644, 3646, 3647, 4222, 4223, 4229, 4232, 4234, 4235, 4240, 4241, 4242, 4247, 4252, 1182, 1183, 4255, 4254, 1189, 1192, 3241, 1194, 1195, 1200, 1201, 1202, 3767, 1207, 1212, 3773, 1214, 1215, 3266, 3779, 3785, 4298, 4299, 3786, 3791, 4305, 4308, 3796, 4310, 4311, 3799, 3798, 4316, 4317, 4318, 4323, 4328, 1258, 1259, 4331, 4330, 1265, 1268, 1270, 1271, 1276, 1277, 1278, 3843, 1283, 1288, 3849, 1290, 1291, 3852, 3854, 3855, 3861, 3862, 3867, 3872, 3874, 3875, 1334, 1335, 4412, 4413, 1341, 1344, 3393, 1346, 1347, 4419, 4422, 1352, 4424, 4425, 1353, 1354, 3406, 4430, 4431, 1359, 4432, 1364, 4437, 1366, 1367, 4442, 3418, 4444, 4445, 3995, 4001, 4004, 4006, 4007, 4013, 4014, 4019, 4024, 4026, 4027, 3545, 3558, 4070, 4071, 4077, 4080, 4082, 4083, 3570, 4088, 4089, 4090, 4095}
196 {4100, 4102, 4103, 3691, 3697, 3703, 3709, 4222, 4223, 3710, 3715, 4229, 4232, 3720, 4234, 4235, 3722, 3723, 4240, 4241, 4242, 4247, 4252, 1182, 1183, 4254, 4255, 1189, 1192, 1194, 1195, 1200, 1201, 1202, 1207, 1212, 1214, 1215, 4298, 4299, 4305, 4308, 4310, 4311, 4316, 4317, 4318, 4323, 4328, 1258, 1259, 4330, 4331, 1265, 1268, 1270, 1271, 1276, 1277, 1278, 3843, 1283, 1288, 3849, 1290, 1291, 3852, 3854, 3855, 3861, 3862, 3867, 3872, 3874, 3875, 1334, 1335, 4412, 4413, 1341, 1344, 1346, 4419, 1347, 4422, 1352, 4424, 4425, 1353, 1354, 4430, 4431, 4432, 1359, 1364, 4437, 1366, 1367, 4442, 4444, 4445, 3995, 4001, 4004, 4006, 4007, 4013, 4014, 4019, 4024, 4026, 4027, 4070, 4071, 4077, 4080, 4082, 4083, 4088, 4089, 4090, 4095}
197 {4384, 4386, 4387, 4392, 4393, 4394, 4399, 4404, 4406, 4407, 4374, 4375, 4381}
198 {1250, 1220, 1221, 1252, 1253, 1227, 1230, 1232, 1233, 1238, 1239, 1240, 1245}
199 {4100, 4102, 4103, 3615, 3621, 3627, 3633, 3634, 3639, 3644, 3646, 3647, 4222, 4223, 4229, 4232, 4234, 4235, 4240, 4241, 4242, 4247, 4252, 1182, 1183, 4255, 4254, 1189, 1192, 1194, 1195, 1200, 1201, 1202, 3767, 1207, 1212, 3773, 1214, 1215, 3779, 3785, 4298, 4299, 3786, 3791, 4305, 4308, 3796, 4310, 4311, 3799, 3798, 4316, 4317, 4318, 4323, 4328, 1258, 1259, 4331, 4330, 1265, 1268, 1270, 1271, 1276, 1277, 1278, 3843, 1283, 1288, 3849, 1290, 1291, 3852, 3854, 3855, 3861, 3862, 3867, 3872, 3874, 3875, 1334, 1335, 4412, 4413, 1341, 1344, 1346, 1347, 4419, 4422, 1352, 4424, 4425, 1353, 1354, 4430, 4431, 1359, 4432, 1364, 4437, 1366, 1367, 4442, 4444, 4445, 3469, 3482, 3995, 4001, 4004, 3494, 4006, 4007, 4013, 4014, 4019, 4024, 4026, 4027, 4070, 4071, 4077, 4080, 4082, 4083, 4088, 4089, 4090, 4095}
200 {1283, 1288, 1290, 1291, 1182, 1183, 1189, 1192, 1194, 1195, 1200, 1201, 4146, 4147, 1202, 1334, 1335, 1207, 4153, 4156, 1341, 4158, 4159, 1344, 1212, 1346, 1347, 4164, 4165, 4166, 1214, 1352, 1353, 1354, 4171, 1359, 4176, 4178, 4179, 1364, 1366, 1367, 1215, 1258, 1259, 1265, 1268, 1270, 1271, 1276, 1277, 1278}
201 {7847, 7853, 7854, 7858, 7829, 7863, 7835, 7836, 7837, 7839}
202 {1283, 4100, 4102, 4103, 1288, 1290, 1291, 1334, 1335, 4412, 4413, 1341, 1344, 1346, 4419, 1347, 4422, 1352, 4424, 1354, 4425, 1353, 4430, 1359, 4432, 3919, 4431, 1364, 4437, 1366, 1367, 3925, 3928, 4442, 3930, 4444, 4445, 3931, 3937, 3938, 3943, 3948, 3950, 3951, 4222, 4223, 4229, 4232, 4234, 4235, 4240, 4241, 4242, 4247, 4252, 1182, 4254, 4255, 1183, 1189, 1192, 1194, 1195, 1200, 1201, 1202, 1207, 1212, 1214, 1215, 4298, 4299, 4305, 4308, 4310, 4311, 4316, 4317, 4318, 4323, 4070, 4071, 4328, 1258, 4330, 4331, 1259, 4077, 4080, 1265, 4082, 4083, 1268, 1270, 1271, 4088, 4089, 4090, 1276, 1277, 1278, 4095}
203 {4100, 4102, 4103, 3093, 3615, 3105, 1573, 3625, 3627, 3633, 3634, 1585, 3637, 3639, 3644, 3646, 3647, 3169, 3181, 1649, 3190, 1661, 4222, 4223, 4232, 4233, 4234, 4235, 4240, 4241, 4242, 4245, 4247, 4252, 1182, 1183, 4255, 4254, 1192, 1193, 1194, 1195, 1200, 1201, 1202, 1205, 1207, 3767, 1721, 1212, 1214, 1215, 3777, 3779, 3785, 4298, 4299, 3786, 3789, 3791, 4308, 4309, 4310, 4311, 3796, 3798, 3799, 4316, 4317, 4318, 4321, 4323, 4328, 1258, 1259, 4331, 4330, 1268, 1269, 1270, 1271, 3321, 1276, 1277, 1278, 1281, 1283, 3843, 3333, 1288, 1290, 1291, 3852, 3853, 3342, 3854, 3855, 3861, 3862, 3865, 3867, 3872, 3874, 3875, 1334, 1335, 1851, 4412, 4413, 1344, 1345, 1346, 1347, 3397, 4422, 4423, 1352, 4424, 4425, 1353, 1354, 1357, 3406, 4430, 4431, 1359, 4432, 3409, 1364, 4437, 1366, 1367, 4435, 4442, 3418, 4444, 4445, 3995, 4004, 4005, 4006, 4007, 4013, 4014, 1965, 4017, 4019, 4024, 4026, 4027, 1497, 3549, 1509, 3558, 4070, 4071, 3561, 4080, 4081, 3570, 4082, 4083, 4088, 4089, 4090, 4093, 4095}
204 {1440, 1410, 1411, 1442, 1443, 1417, 1420, 1422, 1423, 1428, 1429, 1430, 1435}
205 {6467, 6468, 6469, 6471, 6479, 6485, 6486, 6490, 6461, 6495}
206 {8129, 8475, 8095, 8481, 8482, 8483, 8504, 8485, 8101, 8102, 8103, 8105, 8493, 8113, 8499, 8500, 8119, 8120, 8124, 8509}
207 {7497, 7501}
208 {4100, 4102, 4103, 3615, 3105, 8741, 3627, 8747, 8748, 8749, 8751, 3633, 3634, 3637, 3639, 8759, 3644, 8765, 3646, 3647, 8766, 8770, 8775, 3181, 3190, 4222, 4223, 4232, 4234, 4235, 4240, 4241, 4242, 4245, 4247, 4252, 1182, 1183, 4255, 4254, 1192, 1194, 1195, 1200, 1201, 1202, 1205, 3767, 1207, 1212, 1214, 1215, 3779, 3785, 4298, 4299, 3786, 3789, 3791, 4308, 3796, 4310, 4311, 3799, 3798, 4316, 4317, 4318, 4321, 4323, 4328, 1258, 1259, 4331, 4330, 1268, 1270, 1271, 1276, 1277, 1278, 1281, 3843, 1283, 3333, 1288, 1290, 1291, 3852, 3854, 3855, 3342, 3861, 3862, 3865, 3867, 3872, 3874, 3875, 1334, 1335, 4412, 4413, 1344, 1346, 1347, 4422, 1352, 4424, 4425, 1353, 1354, 1357, 3406, 4430, 4431, 3409, 1359, 4432, 1364, 4437, 4435, 1367, 1366, 4442, 3418, 4444, 4445, 3995, 4004, 4006, 4007, 4013, 4014, 4017, 4019, 4024, 4026, 4027, 3558, 4070, 4071, 3561, 4080, 4082, 4083, 3570, 4088, 4089, 4090, 4093, 4095}
209 {513, 519, 520, 524, 495, 529, 501, 502, 503, 505}
210 {7649}
211 {3456, 3431, 3304, 4585, 3279, 4560, 4592, 4563, 3444}
212 {3905, 5124, 3910, 3912, 5193, 3913, 5200, 3729, 3735, 3741, 3747, 3748, 5092, 5095, 3753, 3881, 3758, 3887, 3760, 3761, 5168, 5171, 3890, 3892, 3893, 3899, 3900, 5117}
213 {4864, 4737, 4867, 4744, 5016, 4889, 5019, 4636, 4639, 4896, 5041, 3507, 4788, 4661, 4791, 5048, 4668, 3520, 3653, 3659, 4940, 4813, 3532, 4943, 3665, 4820, 3671, 3672, 3677, 3682, 3684, 4965, 3685, 4712, 4715, 4972}
214 {4217, 4194, 4196, 4197, 4202, 4203, 4204, 4209, 4214, 4184, 4185, 4216, 4191}
215 {3968, 3969, 3975, 5320, 3976, 4108, 3981, 4109, 3986, 4115, 3988, 5269, 3989, 4118, 4120, 4121, 5276, 4126, 4127, 4128, 5345, 4133, 5352, 4138, 4140, 4141, 3957, 3963, 5244, 3966}
216 {1759}
217 {1473, 1478, 1480, 1448, 1449, 1481, 1455, 1458, 1460, 1461, 1466, 1467, 1468}
218 {8960, 8965, 8513, 8133, 8519, 8520, 8521, 8523, 8139, 8140, 8141, 8143, 8531, 8151, 8537, 8538, 8157, 8542, 8158, 8162, 8931, 8547, 8167, 8937, 8938, 8941, 8949, 8955, 8956}
219 {8803, 8804, 8808, 8779, 8813, 8785, 8786, 8787, 8789, 8797}
220 {551, 557, 558, 562, 533, 567, 539, 540, 541, 543}
221 {1797}
222 {6657, 6658, 6659, 8195, 6661, 8196, 8200, 6669, 6670, 8205, 6675, 6676, 6680, 6685, 7715, 7721, 7722, 7723, 7725, 7733, 7734, 7739, 7740, 7231, 7744, 7749, 6727, 6733, 6734, 6735, 6737, 6745, 6746, 6751, 6752, 6756, 6761, 6803, 6809, 6810, 6811, 6813, 6821, 6822, 8361, 6827, 6828, 8367, 8368, 7345, 8369, 8371, 6832, 6837, 7867, 8380, 8379, 7873, 7874, 7875, 8385, 7877, 8386, 8390, 6347, 8395, 7885, 7886, 6353, 6354, 6355, 7891, 6357, 7892, 7383, 7896, 7387, 6365, 6366, 6879, 7901, 6371, 6372, 6885, 6886, 6887, 6376, 6889, 6381, 6897, 6898, 6903, 6904, 6908, 6913, 6955, 7981, 6961, 6962, 7987, 7988, 6963, 7989, 6965, 7991, 2875, 6973, 6974, 7999, 8000, 6979, 6980, 8005, 8006, 6984, 8010, 6989, 8015, 8551, 8557, 8558, 8559, 8561, 7031, 8569, 7037, 381, 7038, 7039, 7041, 8575, 387, 388, 389, 8576, 2951, 391, 7049, 7050, 8580, 8585, 399, 400, 7055, 7056, 7060, 405, 406, 7065, 410, 415, 8627, 8633, 8634, 8635, 8637, 7107, 8645, 8646, 7113, 7114, 7115, 8651, 7117, 8652, 8656, 3027, 7125, 7126, 8661, 7131, 7132, 7136, 7141, 8171, 8177, 8178, 8179, 8181, 6651, 8189}
223 {8960, 8835, 8965, 8841, 8842, 8846, 8851, 8931, 8937, 8938, 8941, 8827, 8817, 8949, 8823, 8824, 8825, 8955, 8956}
224 {6784, 6789, 6790, 6794, 6765, 6799, 6771, 6772, 6773, 6775, 6783}
225 {6848, 6849, 6851, 6859, 6860, 6865, 6866, 6870, 6841, 6875, 6847}
226 {7075, 7076, 7077, 7079, 7087, 7088, 7093, 7094, 7098, 7069, 7103}
227 {4100, 4102, 4103, 3089, 3615, 1569, 3621, 3627, 3633, 3634, 3639, 3644, 3646, 3647, 7753, 7759, 7760, 7761, 7763, 7771, 7772, 3165, 7777, 7778, 7782, 7787, 1645, 3190, 4222, 4223, 4229, 4232, 4234, 4235, 4240, 4241, 4242, 4247, 4252, 1182, 1183, 4255, 4254, 1189, 1192, 1194, 1195, 1200, 1201, 1202, 3767, 1207, 1212, 3773, 1214, 1215, 3779, 3785, 4298, 4299, 3786, 3791, 4305, 4308, 3796, 4310, 4311, 3799, 3798, 4316, 4317, 4318, 7905, 4323, 7911, 4328, 7912, 1258, 1259, 4331, 4330, 7913, 7915, 1265, 7923, 1268, 3317, 1270, 1271, 7924, 7929, 7930, 1276, 1277, 1278, 7934, 3843, 1283, 7939, 1288, 3849, 1290, 1291, 3852, 3342, 3854, 3855, 3861, 3862, 3867, 3872, 3874, 3875, 1334, 1335, 4412, 4413, 1341, 1344, 3393, 1346, 1347, 4419, 4422, 1352, 4424, 4425, 1353, 1354, 3406, 4430, 4431, 1359, 4432, 1364, 4437, 1366, 1367, 3418, 4442, 4444, 4445, 3995, 4001, 4004, 4006, 4007, 4013, 4014, 4019, 4024, 4026, 4027, 1493, 3545, 3558, 4070, 4071, 4077, 4080, 4082, 4083, 3570, 4088, 4089, 4090, 4095}
228 {6528, 6403, 6404, 6533, 6409, 6410, 6414, 6419, 6391, 6395, 6613, 6619, 6620, 6621, 6623, 6499, 6631, 6505, 6506, 6507, 6637, 6638, 6509, 6385, 6642, 6517, 6647, 6392, 6393, 6523, 6524}
229 {6946, 6917, 6951, 6923, 6924, 6925, 6927, 6935, 6936, 6941, 6942}
230 {8589, 8209, 8595, 8596, 8597, 8599, 8215, 8216, 8217, 8219, 8607, 8227, 8613, 8614, 8233, 8234, 8618, 8238, 8623, 8243}
231 {7169, 7170, 7174, 7145, 7179, 7151, 7152, 7153, 7155, 7163, 7164}
232 {8399, 8019, 8405, 8406, 8407, 8025, 8409, 8026, 8027, 8029, 8417, 8418, 8037, 8038, 8423, 8424, 8043, 8428, 8044, 8048, 8433, 8053}
233 {7011, 7012, 7017, 7018, 7022, 6993, 7027, 6999, 7000, 7001, 7003}
234 {8672, 8673, 8675, 8683, 8684, 9038, 8689, 8690, 8694, 8665, 8699, 8671}
235 {6689, 6723, 6695, 6696, 6697, 6699, 6707, 6708, 6713, 6714, 6718}
236 {448, 419, 581, 453, 585, 426, 427, 425, 429, 437, 438, 443, 444}
237 {6657, 6658, 6659, 6661, 6669, 6675, 6676, 6680, 6685, 7715, 7721, 7722, 7723, 7725, 7733, 7739, 7740, 7231, 7744, 7749, 6727, 6733, 6734, 6735, 6737, 6745, 6751, 6752, 6756, 6761, 6803, 8855, 6809, 6810, 6811, 6813, 8861, 8862, 8863, 8865, 6821, 8873, 8361, 6827, 6828, 8879, 8880, 7345, 6832, 8371, 8884, 6837, 8367, 8368, 8369, 8889, 8379, 7867, 8385, 8386, 7873, 7874, 7877, 8390, 7875, 8395, 6347, 7885, 6353, 6354, 7891, 7892, 6357, 6355, 7383, 7896, 7387, 6365, 7901, 6879, 6371, 6372, 6885, 6886, 6887, 6376, 6889, 6381, 6897, 6903, 6904, 6908, 6913, 6955, 7981, 6961, 6962, 7987, 7988, 6965, 6963, 7991, 7989, 2875, 6973, 7999, 6979, 6980, 8005, 8006, 6984, 8010, 6989, 8015, 7031, 381, 7037, 7038, 7039, 7041, 387, 388, 389, 2951, 391, 7049, 399, 7055, 7056, 7060, 405, 406, 7065, 410, 415, 8627, 8633, 8634, 8635, 8637, 7107, 8645, 7113, 7114, 8651, 8652, 7117, 7115, 8656, 3027, 7125, 8661, 7131, 7132, 7136, 7141, 6651}
238 {7968, 7972, 7943, 7977, 7949, 7950, 7951, 7953, 7961, 7962, 7967}
239 {7809, 7810, 7815, 7816, 7820, 7791, 7825, 7797, 7798, 7799, 7801}
240 {6657, 6658, 6659, 6661, 6669, 6675, 6676, 6680, 6685, 7715, 7721, 7722, 7723, 7725, 7733, 7739, 7740, 7231, 7744, 7749, 6727, 6733, 6734, 6735, 6737, 6745, 6751, 6752, 6756, 6761, 6803, 6809, 6810, 6811, 6813, 6821, 8361, 6827, 6828, 8367, 6832, 7345, 8368, 8369, 8371, 6837, 7867, 8379, 7873, 7874, 7875, 8385, 7877, 8390, 8386, 8395, 6347, 7885, 6353, 6354, 6355, 7891, 6357, 7892, 7383, 7896, 7387, 7901, 6365, 6879, 6371, 6372, 6885, 6886, 6887, 6376, 6889, 6381, 6897, 6903, 6904, 6908, 6913, 6423, 6429, 6430, 6431, 6433, 6441, 6442, 6955, 7981, 6447, 6448, 6961, 6962, 7987, 6452, 7988, 6963, 7989, 6965, 6457, 7991, 2875, 6973, 7999, 6979, 6980, 8005, 8006, 6984, 8010, 6989, 8015, 7031, 381, 7037, 7038, 7039, 7041, 387, 388, 389, 2951, 391, 6537, 7049, 6543, 6544, 6545, 399, 6547, 7060, 7055, 405, 7056, 406, 7065, 410, 6555, 415, 6561, 6562, 6566, 6571, 8627, 8633, 8634, 8635, 8637, 7107, 8645, 7113, 7114, 7115, 8651, 7117, 8652, 8656, 3027, 8661, 7125, 7131, 7132, 7136, 7141, 6651}
241 {8257, 8969, 8265, 8975, 8976, 8271, 8272, 8979, 8276, 8281, 8987, 8993, 8994, 8998, 9003, 8247, 8253, 8254, 8255}
242 {7201, 7202, 7207, 7208, 7212, 7183, 7217, 7189, 7190, 7191, 7193}
243 {4100, 4102, 4103, 3615, 3105, 3627, 3633, 3634, 3637, 3639, 3644, 3646, 3647, 3181, 3190, 4222, 4223, 4232, 4234, 4235, 4240, 4241, 4242, 4245, 4247, 4252, 1182, 1183, 4255, 4254, 1192, 1194, 1195, 1200, 1201, 1202, 1205, 3767, 1207, 1212, 1214, 1215, 3779, 3785, 4298, 4299, 3786, 3789, 3791, 4308, 3796, 4310, 4311, 3799, 3798, 4316, 4317, 4318, 4321, 4323, 4328, 1258, 1259, 4331, 4330, 1268, 8437, 1270, 1271, 8443, 1276, 1277, 1278, 8444, 8445, 1281, 8447, 3843, 1283, 3333, 8455, 1288, 8456, 1290, 1291, 3852, 8461, 3854, 3855, 3342, 8462, 8466, 3861, 3862, 8471, 3865, 3867, 3872, 3874, 3875, 1334, 1335, 4412, 4413, 1344, 1346, 1347, 4422, 1352, 4424, 4425, 1353, 1354, 1357, 3406, 4430, 4431, 3409, 1359, 4432, 1364, 4437, 4435, 1367, 1366, 4442, 3418, 4444, 4445, 8057, 8063, 8064, 8065, 8067, 8075, 8076, 8081, 8082, 8086, 3995, 8091, 4004, 4006, 4007, 4013, 4014, 4017, 4019, 4024, 4026, 4027, 3558, 4070, 4071, 3561, 4080, 4082, 4083, 3570, 4088, 4089, 4090, 4093, 4095}
244 {8737, 8709, 8710, 8711, 8713, 8721, 8722, 8727, 8728, 8732, 8703}
245 {481, 482, 486, 457, 491, 463, 464, 465, 1075, 467, 885, 475, 476}
246 {8899, 8900, 8901, 8903, 8911, 8917, 8918, 8922, 8893, 8927}
247 {7847, 7848, 7853, 7854, 7858, 7829, 7863, 7835, 7836, 7837, 7839}
248 {6467, 6468, 6469, 6471, 6479, 6480, 6485, 6486, 6490, 6461, 6495}
249 {6657, 6658, 6659, 6661, 6669, 6675, 6676, 6680, 6685, 7715, 7721, 7722, 7723, 7725, 7733, 7739, 7740, 7231, 7744, 7749, 6727, 6733, 6734, 6735, 6737, 6745, 8285, 6751, 6752, 8291, 6756, 8292, 8293, 8295, 6761, 8303, 8309, 8310, 8314, 8319, 6803, 6809, 6810, 6811, 6813, 6821, 8361, 6827, 6828, 8367, 6832, 7345, 8368, 8371, 8369, 6837, 8379, 7867, 8385, 8386, 7873, 7874, 7877, 8390, 7875, 8395, 6347, 7885, 6353, 6354, 7891, 7892, 6357, 6355, 7383, 7896, 7387, 6365, 7901, 6879, 6371, 6372, 6885, 6886, 6887, 6376, 6889, 6381, 6897, 6903, 6904, 6908, 6913, 6955, 7981, 6961, 6962, 7987, 7988, 6965, 6963, 7991, 7989, 2875, 6973, 7999, 6979, 6980, 8005, 8006, 6984, 8010, 6989, 8015, 7031, 381, 7037, 7038, 7039, 7041, 387, 388, 389, 391, 2951, 7049, 399, 7055, 7056, 7060, 405, 406, 7065, 410, 415, 8627, 8633, 8634, 8635, 8637, 7107, 8645, 7113, 7114, 8651, 8652, 7117, 7115, 8656, 3027, 7125, 8661, 7131, 7132, 7136, 7141, 6651}
250 {8129, 8120, 8475, 8095, 8481, 8482, 8483, 8485, 8101, 8102, 8103, 8105, 8493, 8494, 8113, 8114, 8499, 8500, 8119, 8504, 8124, 8509}
251 {4100, 4102, 4103, 3615, 3105, 8741, 3627, 8747, 8748, 8749, 8751, 3633, 3634, 3637, 3639, 8759, 8760, 3644, 8765, 3646, 3647, 8766, 8770, 8775, 3181, 3190, 4222, 4223, 4232, 4234, 4235, 4240, 4241, 4242, 4245, 4247, 4252, 1182, 1183, 4255, 4254, 1192, 1194, 1195, 1200, 1201, 1202, 1205, 3767, 1207, 1212, 1214, 1215, 3779, 3785, 4298, 4299, 3786, 3789, 3791, 4308, 3796, 4310, 4311, 3799, 3798, 4316, 4317, 4318, 4321, 4323, 4328, 1258, 1259, 4331, 4330, 1268, 1270, 1271, 1276, 1277, 1278, 1281, 3843, 1283, 3333, 1288, 1290, 1291, 3852, 3854, 3855, 3342, 3861, 3862, 3865, 3867, 3872, 3874, 3875, 1334, 1335, 4412, 4413, 1344, 1346, 1347, 4422, 1352, 4424, 4425, 1353, 1354, 1357, 3406, 4430, 4431, 3409, 1359, 4432, 1364, 4437, 4435, 1367, 1366, 4442, 3418, 4444, 4445, 3995, 4004, 4006, 4007, 4013, 4014, 4017, 4019, 4024, 4026, 4027, 3558, 4070, 4071, 3561, 4080, 4082, 4083, 3570, 4088, 4089, 4090, 4093, 4095}
252 {513, 514, 519, 520, 524, 495, 529, 501, 502, 503, 505}
253 {8352, 8323, 8357, 8329, 8330, 8331, 8333, 8341, 8347, 8348}
254 {8960, 8965, 8513, 8133, 8519, 8520, 8521, 8523, 8139, 8140, 8141, 8143, 8531, 8532, 8151, 8152, 8537, 8538, 8157, 8158, 8542, 8162, 8931, 8547, 8167, 8937, 8938, 8941, 8949, 8955, 8956}
255 {8803, 8804, 8808, 8779, 8813, 8785, 8786, 8787, 8789, 8797, 8798}
256 {551, 552, 557, 558, 562, 533, 567, 539, 540, 541, 543}
257 {6657, 6658, 6659, 8195, 6661, 8196, 8200, 6669, 6670, 8205, 6675, 6676, 6680, 6685, 7715, 7721, 7722, 7723, 7725, 7733, 7734, 7739, 7740, 7231, 7744, 7749, 6727, 6733, 6734, 6735, 6737, 6745, 6746, 6751, 6752, 6756, 6761, 6803, 6809, 6810, 6811, 6813, 6821, 6822, 8361, 6827, 6828, 8367, 8368, 7345, 8369, 8371, 6832, 6837, 7867, 8380, 8379, 7873, 7874, 7875, 8385, 7877, 8386, 8390, 6347, 8395, 7885, 7886, 6353, 6354, 6355, 7891, 6357, 7892, 7383, 7896, 7387, 6365, 6366, 6879, 7901, 6371, 6372, 6885, 6886, 6887, 6376, 6889, 6381, 6897, 6898, 6903, 6904, 6908, 6913, 6955, 7981, 6961, 6962, 7987, 7988, 6963, 7989, 6965, 7991, 2875, 6973, 6974, 7999, 8000, 6979, 6980, 8005, 8006, 6984, 8010, 6989, 8015, 8551, 8557, 8558, 8559, 8561, 7031, 8569, 8570, 7037, 381, 7038, 7039, 7041, 8575, 387, 388, 389, 8576, 2951, 391, 7049, 7050, 8580, 8585, 399, 400, 7055, 7056, 7060, 405, 406, 7065, 410, 415, 8627, 8633, 8634, 8635, 8637, 7107, 8645, 8646, 7113, 7114, 7115, 8651, 7117, 8652, 8656, 3027, 7125, 7126, 8661, 7131, 7132, 7136, 7141, 8171, 8177, 8178, 8179, 8181, 6651, 8189, 8190}
258 {8960, 8835, 8836, 8965, 8841, 8842, 8846, 8851, 8931, 8937, 8938, 8941, 8827, 8817, 8949, 8823, 8824, 8825, 8955, 8956}
259 {8589, 8209, 8595, 8596, 8597, 8599, 8215, 8216, 8217, 8219, 8607, 8608, 8227, 8228, 8613, 8614, 8233, 8234, 8618, 8238, 8623, 8243}
260 {6657, 6658, 6659, 6661, 6669, 6670, 6675, 6676, 6680, 6685, 7715, 7721, 7722, 7723, 7725, 7733, 7734, 7739, 7740, 7231, 7744, 7749, 6727, 6733, 6734, 6735, 6737, 6745, 6746, 6751, 6752, 6756, 6761, 6803, 8855, 6809, 6810, 6811, 6813, 8861, 8862, 8863, 8865, 6821, 6822, 8873, 8874, 6827, 6828, 8361, 8879, 8880, 7345, 6832, 8371, 8884, 6837, 8367, 8368, 8369, 8889, 8379, 8380, 7867, 8385, 8386, 7873, 7874, 7877, 8390, 7875, 8395, 6347, 7885, 7886, 6353, 6354, 7891, 7892, 6357, 6355, 7383, 7896, 7387, 6365, 6366, 7901, 6879, 6371, 6372, 6885, 6886, 6887, 6376, 6889, 6381, 6897, 6898, 6903, 6904, 6908, 6913, 6955, 7981, 6961, 6962, 7987, 7988, 6965, 6963, 7991, 7989, 2875, 6973, 6974, 7999, 8000, 6979, 6980, 8005, 8006, 6984, 8010, 6989, 8015, 7031, 381, 7037, 7038, 7039, 7041, 387, 388, 389, 2951, 391, 7049, 7050, 399, 400, 7055, 7056, 7060, 405, 406, 7065, 410, 415, 8627, 8633, 8634, 8635, 8637, 7107, 8645, 8646, 7113, 7114, 8651, 8652, 7117, 7115, 8656, 3027, 7125, 7126, 8661, 7131, 7132, 7136, 7141, 6651}
261 {8257, 8969, 8265, 8266, 8975, 8976, 8271, 8272, 8979, 8276, 8281, 8987, 8993, 8994, 8998, 9003, 8247, 8253, 8254, 8255}
262 {8899, 8900, 8901, 8903, 8911, 8912, 8917, 8918, 8922, 8893, 8927}
263 {6657, 6658, 6659, 6661, 6669, 6670, 6675, 6676, 6680, 6685, 7715, 7721, 7722, 7723, 7725, 7733, 7734, 7739, 7740, 7231, 7744, 7749, 6727, 6733, 6734, 6735, 6737, 6745, 6746, 8285, 6751, 6752, 8291, 6756, 8292, 8293, 8295, 6761, 8303, 8304, 8309, 8310, 8314, 8319, 6803, 6809, 6810, 6811, 6813, 6821, 6822, 8361, 6827, 6828, 8367, 6832, 7345, 8368, 8371, 8369, 6837, 8379, 8380, 7867, 8385, 8386, 7873, 7874, 7877, 8390, 7875, 8395, 6347, 7885, 7886, 6353, 6354, 7891, 7892, 6357, 6355, 7383, 7896, 7387, 6365, 6366, 7901, 6879, 6371, 6372, 6885, 6886, 6887, 6376, 6889, 6381, 6897, 6898, 6903, 6904, 6908, 6913, 6955, 7981, 6961, 6962, 7987, 7988, 6965, 6963, 7991, 7989, 2875, 6973, 6974, 7999, 8000, 6979, 6980, 8005, 8006, 6984, 8010, 6989, 8015, 7031, 381, 7037, 7038, 7039, 7041, 387, 388, 389, 391, 2951, 7049, 7050, 399, 400, 7055, 7056, 7060, 405, 406, 7065, 410, 415, 8627, 8633, 8634, 8635, 8637, 7107, 8645, 8646, 7113, 7114, 8651, 8652, 7117, 7115, 8656, 3027, 8661, 7125, 7126, 7131, 7132, 7136, 7141, 6651}
264 {8352, 8323, 8357, 8329, 8330, 8331, 8333, 8341, 8342, 8347, 8348}
